

alf:"AÁBCDEÉFGHIÍJKLMNÑOÓPQRSTUÚVWXYZ .,;:()¿?¡!-0123456789
aábcdeéfghiíjklmnñoópqrstuúvwxyz";


A:matrix(
[1,0,1,0,1,0,1,1,1],
[1,0,1,0,1,1,0,0,1],
[1,0,1,1,0,1,1,0,0],
[0,1,0,1,0,0,1,1,0],
[0,0,1,1,1,0,0,1,1],
[1,1,1,1,0,0,0,0,0]);

L:[0,0,0,1,1,1,0,1,0,1,0,0,1,1,0,1,0,1,1,0,0,1,0,0,0,0,1,1,1,0,0,0,0,0,0,1,0,1,0,1,0,0,1,1,0,0,1,0,1,1,1,1,1,0,0,1,0,0,1,1,0,1,1,1,0,1,0,1,1,1,0,0,0,0,0,0,1,1,1,0,0,1,1,1,0,1,0,1,0,1,0,0,0,1,0,0,1,0,1,0,1,1,0,0,1,1,0,0,0,1,0,0,1,0,1,1,0,1,1,1,0,1,1,0,0,1,1,0,1,1,0,1,1,0,0,1,1,1,0,0,0,1,0,1,1,0,1,1,0,0,1,0,0,0,0,0,0,1,0,1,0,1,0,0,0,0,0,1,0,0,1,1,0,1,0,0,0,1,1,0,0,0,0,1,0,0,1,1,1,1,0,0,0,0,0,1,0,1,0,1,0,1,1,0,1,1,1,0,0,1,0,1,0,1,0,0,0,1,1,1,0,0,0,0,0,1,0,1,1,1,1,1,1,0,1,1,1,0,0,1,1,0,1,1,1,1,1,1,1,0,1,1,0,1,1,1,0,0,0,0,1,1,1,0,1,0,1,0,0,0,1,0,1,0,1,0,0,0,1,1,1,1,1,0,1,1,1,0,1,1,1,1,0,0,0,0,0,0,0,0,1,1,1,0,0,1,0,1,0,0,0,1,1,0,0,0,1,0,0,1,0,0,1,0,1,1,1,0,0,1,1,0,1,1,0,0,1,0,1,1,0,1,1,0,0,1,0,1,0,0,0,0,1,0,0,0,1,1,0,0,1,1,0,1,0,0,0,0,0,0,1,0,0,0,1,1,0,0,0,1,1,1,1,1,1,0,0,0,0,0,1,0,0,0,0,0,1,0,1,1,0,0,0,1,0,1,0,1,0,1,0,1,0,1,0,1,0,1,1,1,0,0,0,0,1,0,0,1,1,0,0,0,1,0,0,1,0,0,0,1,1,0,0,1,1,1,1,1,0,1,0,0,0,1,0,1,1,1,1,1,1,1,1,1,1,0,1,1,1,0,0,0,1,0,1,0,0,1,1,0,1,1,1,1,1,1,0,1,1,1,0,1,1,1,0,1,1,0,0,1,0,1,0,1,0,1,0,1,1,1,1,1,1,0,0,1,1,1,1,0,0,0,1,0,0,0,1,1,0,0,0,1,0,1,1,1,0,0,1,1,0,1,1,1,1,1,1,0,0,0,0,1,1,1,0,0,1,1,1,0,0,0,1,0,1,0,0,1,1,0,0,1,0,0,0,0,0,1,0,1,0,0,1,1,0,1,1,0,1,0,1,0,1,0,0,0,0,0,1,0,1,0,1,0,0,0,0,1,0,0,0,0,0,1,0,0,1,0,1,0,1,0,0,0,1,0,1,0,1,0,0,1,0,1,1,0,1,0,1,0,1,1,0,0,1,0,1,1,0,1,1,0,1,0,1,1,1,0,0,1,1,1,1,1,1,1,0,0,1,1,0,0,0,1,0,1,1,0,1,0,0,0,1,0,1,0,0,1,1,0,1,0,1,1,0,1,0,1,0,0,0,0,0,1,0,0,1,0,1,0,1,1,1,1,1,0,0,0,0,0,0,0,1,0,0,0,1,1,0,1,1,1,0,0,1,0,1,0,0,0,0,1,0,1,0,1,0,1,1,1,1,1,0,1,1,1,1,1,1,1,0,1,1,1,0,0,0,1,1,0,1,1,1,1,0,1,1,0,1,1,0,1,0,1,1,0,0,1,0,0,1,0,0,1,1,0,1,1,1,0,0,0,0,0,0,1,1,1,1,1,1,1,1,1,0,1,1,0,1,1,0,0,0,1,0,1,0,1,1,1,0,1,1,1,1,1,0,0,0,1,1,1,1,0,0,1,1,1,0,1,0,0,1,1,0,0,1,1,1,1,1,0,1,1,0,0,1,0,1,0,0,0,1,0,0,0,1,1,1,0,1,1,0,1,1,1,1,1,1,0,0,1,1,1,1,1,1,1,1,1,0,0,0,1,1,1,1,1,0,0,0,1,1,0,0,0,0,0,0,1,1,1,0,0,1,0,1,0,1,0,1,0,1,1,0,0,1,0,1,0,1,0,1,1,1,0,0,1,1,1,1,1,0,1,1,1,0,0,1,1,0,0,0,0,0,0,1,0,0,1,0,1,0,1,0,0,0,1,1,0,0,0,0,0,1,1,0,1,0,1,1,1,0,1,1,0,1,0,0,0,1,0,0,0,1,0,0,0,1,1,1,1,1,1,1,0,0,0,0,0,1,0,1,0,1,1,0,1,0,0,0,0,0,1,0,0,0,0,0,1,1,1,0,1,0,0,0,1,1,0,1,1,1,0,0,0,1,0,1,0,1,1,0,0,1,0,1,1,1,0,0,1,1,0,1,1,1,0,0,1,1,1,1,1,0,1,1,1,1,0,1,1,0,1,1,1,0,1,1,0,1,1,1,1,0,0,1,0,1,0,0,1,0,1,1,1,1,0,1,0,0,1,0,0,0,0,1,1,1,1,1,1,0,0,0,0,1,1,1,0,0,1,0,1,0,1,1,1,0,0,0,1,1,0,0,0,0,0,1,0,0,0,0,0,0,1,0,0,0,1,0,1,0,0,1,0,0,1,0,1,1,1,0,0,1,1,0,0,1,0,1,0,1,0,1,0,1,0,0,0,0,1,0,1,0,1,0,1,0,1,0,0,1,1,0,1,0,0,0,0,1,0,1,0,0,0,0,0,1,0,0,0,1,0,0,0,1,0,1,1,0,0,0,1,0,1,0,1,0,1,0,1,0,1,0,1,0,1,1,1,1,0,0,0,1,1,0,0,0,0,1,0,0,0,1,1,0,0,1,1,0,0,1,0,1,0,1,0,0,0,0,1,1,1,1,1,1,0,0,1,1,0,1,0,1,1,0,1,1,1,1,0,1,1,0,0,0,1,0,0,1,0,0,1,1,1,1,0,1,1,1,1,1,0,1,1,1,1,0,1,1,1,0,1,1,0,0,0,1,0,0,0,0,0,1,0,1,0,1,0,1,0,1,1,1,1,1,1,1,0,1,1,1,1,0,1,1,0,1,1,0,0,0,0,1,1,0,0,1,0,1,1,0,0,1,1,1,1,0,0,1,0,1,0,0,0,1,1,0,0,1,0,0,0,1,1,0,0,1,0,0,1,0,0,0,0,0,0,1,0,0,1,1,1,1,0,0,0,0,0,1,1,1,0,1,0,1,1,0,0,1,1,1,0,1,0,1,0,0,0,0,1,1,1,1,0,0,0,0,0,0,1,1,1,0,1,0,1,1,1,0,0,0,0,0,1,1,0,0,0,0,0,1,0,1,1,1,0,0,1,0,1,1,1,0,0,0,1,0,1,0,1,0,0,0,0,0,1,0,1,0,1,1,0,1,0,0,1,1,0,0,0,0,0,1,0,0,0,1,0,0,0,1,1,0,0,1,1,0,1,0,0,1,1,1,1,1,1,1,1,0,0,1,0,1,0,0,1,0,0,0,1,1,0,0,1,1,0,0,0,1,1,0,1,0,1,1,0,0,1,0,0,0,0,1,1,0,0,1,0,1,1,0,0,1,1,0,1,0,0,0,0,1,0,0,0,1,1,0,0,1,0,0,0,1,0,1,1,0,0,1,1,1,0,1,0,0,0,0,1,0,0,0,1,1,1,1,1,0,1,0,1,1,1,0,0,1,1,0,1,1,1,0,0,1,1,0,1,1,1,0,1,0,0,0,1,0,0,0,1,1,1,0,1,0,0,1,0,1,0,1,0,1,1,1,1,0,0,0,0,1,1,0,1,1,1,1,1,0,1,0,0,1,0,0,0,1,0,1,1,0,0,0,1,0,1,0,1,1,1,1,0,0,1,0,0,1,0,0,0,0,1,1,0,0,1,1,1,1,1,0,0,0,0,0,0,1,1,1,0,1,0,1,0,0,0,0,0,1,0,1,0,0,1,1,0,1,1,0,1,1,1,0,0,1,1,1,0,1,0,0,1,0,1,0,1,1,0,0,1,0,1,0,0,1,1,1,0,1,0,1,1,0,0,1,0,1,0,1,0,0,0,0,0,1,1,0,1,0,1,0,1,1,0,0,1,0,0,0,1,0,0,1,0,0,0,1,1,1,1,0,1,0,0,0,1,1,1,1,1,0,0,0,0,0,0,1,1,0,0,1,0,0,1,1,0,0,0,0,1,0,1,1,0,1,1,1,0,0,1,1,0,1,1,0,0,1,0,1,0,1,0,1,1,1,0,0,1,1,0,0,0,1,1,1,0,1,1,1,0,0,0,1,0,0,1,0,0,0,1,1,0,1,0,1,1,0,0,1,1,1,1,1,0,1,0,1,0,0,0,1,1,0,1,1,1,1,1,1,1,0,1,1,1,0,1,0,1,0,0,1,1,1,1,1,0,0,0,0,0,0,1,0,0,1,1,0,1,1,1,1,1,1,1,1,0,0,0,0,1,1,1,1,0,1,0,0,1,1,0,1,1,0,1,0,1,1,1,0,0,1,1,1,0,1,0,0,0,1,1,1,1,1,0,0,0,1,1,0,0,1,0,0,0,1,0,1,0,0,0,1,0,0,0,1,0,0,1,0,0,0,0,0,1,1,1,0,0,1,1,1,1,1,0,1,1,0,1,1,1,1,1,1,1,1,0,0,1,1,1,1,0,1,0,0,0,1,1,0,0,1,0,0,1,0,0,0,0,1,1,0,0,0,1,0,0,0,1,1,0,1,1,0,1,1,0,1,1,0,0,0,1,1,0,1,1,0,1,0,0,0,1,1,0,0,1,0,1,1,0,1,1,1,1,0,0,1,0,1,0,1,0,1,1,1,1,1,1,0,1,1,1,0,0,1,0,1,1,1,1,1,0,1,1,0,0,1,0,1,0,1,0,1,0,1,0,1,1,0,1,1,1,0,0,1,0,1,0,1,0,1,1,0,1,0,1,1,0,0,1,0,1,1,1,0,1,1,0,1,1,1,1,1,0,1,0,0,0,1,0,1,1,1,1,1,1,0,0,0,1,0,0,1,0,0,0,0,0,1,1,1,0,0,1,1,0,1,0,1,0,1,1,1,1,1,0,0,0,0,0,0,1,0,0,1,0,0,0,0,0,0,0,0,0,0,0,1,0,1,0,0,1,0,1,0,0,0,1,1,0,1,0,0,0,1,1,1,0,0,1,1,0,1,0,1,1,1,1,0,0,0,1,0,1,1,0,1,1,0,0,0,0,0,1,0,0,0,0,1,1,1,0,0,1,1,0,0,0,0,1,1,0,1,0,1,1,0,1,1,1,0,1,1,0,1,1,0,0,0,1,1,0,1,0,1,1,0,0,1,0,0,1,1,1,1,1,1,1,1,1,0,1,0,1,1,0,1,0,1,0,1,1,0,0,1,0,0,0,1,0,0,1,1,1,1,0,0,0,0,0,1,0,1,1,1,0,1,0,0,1,0,0,1,0,0,1,1,0,0,0,0,1,0,0,1,0,0,1,0,0,1,1,0,0,1,0,1,0,1,0,1,0,1,1,1,0,1,1,0,0,0,0,0,0,1,1,1,0,1,1,0,1,0,1,0,0,0,0,0,0,0,1,1,1,0,1,1,0,0,1,1,1,0,0,1,0,1,0,1,0,1,1,1,0,0,1,1,1,0,1,0,0,1,1,0,1,0,1,0,1,0,1,0,1,1,0,1,1,0,0,0,0,1,0,0,0,0,1,0,1,0,0,1,1,0,0,1,0,0,1,1,0,0,1,1,1,0,0,1,1,0,0,0,1,1,0,0,0,0,0,0,0,0,0,0,0,0,1,1,0,1,1,1,1,1,0,0,0,0,0,0,0,0,0,0,1,1,0,0,1,1,0,1,0,1,0,0,1,1,1,1,0,0,1,1,0,0,0,1,0,1,0,0,0,1,1,0,0,1,1,1,1,1,0,1,1,1,1,0,0,1,0,0,0,1,1,0,1,0,1,0,1,1,1,1,0,1,1,1,0,0,1,0,1,0,0,1,1,1,1,0,1,0,1,1,1,0,0,1,1,0,1,0,0,0,0,1,0,1,1,0,0,0,1,0,1,0,0,1,0,1,1,0,1,0,1,0,1,1,1,0,1,0,1,0,0,1,0,1,1,1,0,0,1,1,0,0,1,1,0,1,1,0,0,0,0,1,1,1,0,1,0,0,0,0,0,0,1,0,1,0,0,1,1,0,0,0,0,0,1,0,1,1,1,1,0,0,0,0,0,0,1,0,1,0,0,1,0,1,1,1,0,0,1,1,1,1,1,1,1,0,1,0,0,0,0,1,1,1,0,1,0,0,0,1,1,1,1,1,1,0,0,0,0,0,0,0,0,0,1,0,0,1,1,0,0,0,1,0,0,1,1,1,1,1,1,1,1,0,0,1,1,1,0,1,1,1,0,1,1,0,1,0,1,0,0,1,0,0,0,0,1,1,0,1,1,0,0,0,1,1,0,1,0,1,0,1,0,0,1,1,1,1,0,0,0,1,1,0,0,1,0,0,1,0,1,1,1,1,0,1,1,0,1,1,0,0,0,1,0,0,1,0,1,0,1,1,0,0,1,1,0,0,0,1,1,0,0,0,0,1,0,0,0,1,0,0,1,1,1,0,1,0,0,0,0,1,1,1,0,1,1,1,1,0,1,1,1,1,0,1,0,1,0,1,1,1,0,1,0,1,1,0,1,1,1,1,1,0,1,0,0,0,0,0,1,0,0,0,0,1,1,1,1,1,0,1,1,1,0,0,0,1,0,0,1,1,1,0,1,1,1,0,1,0,0,1,0,1,0,1,0,1,1,1,1,0,0,0,0,0,1,0,1,0,1,1,0,0,1,0,0,0,0,0,1,1,0,1,1,0,1,1,0,0,0,1,0,1,0,0,1,0,1,0,0,0,1,1,0,0,0,1,0,0,1,1,1,0,1,0,1,0,0,0,0,0,0,1,0,0,0,0,0,0,1,1,1,1,1,1,1,0,0,0,0,0,0,0,1,1,0,1,0,1,0,0,1,1,0,1,0,1,0,0,1,1,1,0,1,0,1,0,0,1,1,0,0,0,0,1,1,1,1,1,1,1,1,0,0,1,1,1,0,1,0,1,0,0,0,0,1,0,1,0,1,1,1,0,0,0,1,1,0,0,1,1,1,0,0,1,1,1,0,1,0,1,0,0,0,0,0,1,0,1,1,1,1,1,1,0,0,0,0,0,1,0,0,0,0];



sprint("En la variable alf tenemos el alfabeto, en la variable A tenemos la matriz y en la variable L la lista de datos
que se reciben del canal.");

